100 100
0
0
0
0
1 1
2 2
5 5
6 6
9 9
10 10
12 13 12
14 23 14
12 1 29 1 12
10 3 35 3 10
9 41 9
7 39 7
6 39 6
14 37 14
65
65
63
63
61
59
12 25 12
11 21 11
9 17 9
9 15 9
8 13 8
9 13 9
8 11 8
8 1 2 11 1 2 8
8 1 2 9 1 2 8
8 2 3 9 2 3 8
8 8 9 8 8
8 8 9 8 8
8 8 9 8 8
8 6 9 6 8
9 6 11 6 9
9 4 11 4 9
10 13 10
9 13 9
10 15 10
11 17 11
14 21 14
17 25 17
34 34
35 35
36 36
8 28 28 8
8 26 26 8
10 23 23 10
10 22 22 10
9 19 19 9
8 17 17 8
6 10 10 6
2 5 9 9 5 2
2 7 11 11 7 2
2 8 13 13 8 2
2 11 13 13 11 2
3 12 14 14 12 3
17 15 15 17
17 16 2 16 17
10 22 4 22 10
10 8 11 4 11 8 10
10 8 9 4 9 8 10
1 8 9 8 4 8 9 8 1
1 5 10 5 2 5 4 3 7 1 5 1
2 10 2 3 3 3 5 2 8 2
2 1 5 3 7 7 2 3 1 1 2
2 3 6 3 1 3 5 1 1 2 1 3 2
2 4 6 2 4 3 1 4 2
3 6 7 3 2 2 4 3 6 3
2 8 7 2 4 2 7 8 2
11 9 4 9 11
11 11 5 2 2 2 4 5 11
11 11 6 3 3 3 5 4 11
10 10 2 7 7 3 5 10
10 10 6 3 2 5 10
10 8 1 4 5 10
10 8 1 4 1 7 10
10 7 1 4 1 7 10
9 6 1 2 2 1 6 9
9 5 3 2 2 2 4 3 5 9
8 5 3 3 3 3 5 3 5 8
8 4 4 7 14 4 8
7 3 4 6 3 7 3 7
7 2 4 2 7
6 1 3 4 1 1 6
5 1 9 4 9 1 5
4 10 2 10 4
2 12 12 2
35
37
39
39
39
1 13 1 13
1 12 1 12
1 9 1 1 9 1
0
0
0
0
0
0
0
0
13
1 10 9
2 11 8
4 2 6 8
4 4 7 11
6 7 8 14
7 9 9 15
8 10 10 17
10 9 12 11 19
10 27 11 20
12 36 1 22
14 40 18
14 25 17 12
41 18 5
6 33 17
5 34 17
4 15 13 18
2 13 11 19
1 11 10 7 15
10 9 2 4 16
9 9 3 3 18
2 9 9 4 4 15 1
2 8 8 6 3 12 2
4 7 3 9 7 3 9 3
10 7 8 8 2 6 6
11 1 7 9 9 1 4 8
11 6 9 10 2 1 8
11 1 7 9 10 1 1 11
12 9 10 12 4 11
12 7 10 12 8 11
13 3 22 4 11
14 20 2 11
15 20 2 2 12
15 19 3 3 12
16 19 2 2 11
17 19 2 4 2 11
20 20 2 6 2 8
22 21 2 6 5 6
45 3 2 4 13
45 3 3 8 5
36 7 6 2 2 4 5
36 3 6 2 5
36 7 2 2 5
36 3 7 5 3 5
36 7 2 7 2 5
45 2 8 2 5 1
45 3 4 2 4 2 8
22 21 6 2 6
20 20 6 2 2 9
17 19 5 3 4 11
16 19 2 2 18
15 19 2 6 11
15 20 2 4 11
14 20 2 2 11
13 3 22 2 4 11
12 7 10 12 3 7 11
12 1 7 10 12 2 3 12
11 6 9 10 2 11
11 1 7 9 9 3 1 7
11 9 9 8 3 4 8
10 7 8 8 2 4 5
4 7 3 9 7 4 3 3
2 8 8 6 2 3 6
2 9 9 4 4 2 8
9 9 3 3 2 10 1
10 9 2 4 14
1 11 10 9 12
2 13 11 8 9
4 15 13 9 7
5 34 10 4
6 33 11 2
41 14 2 5
14 25 17 12
14 40 18
12 36 1 22
10 27 11 20
10 9 12 11 19
8 10 10 17
7 9 9 15
6 7 8 14
4 4 7 11
4 2 6 8
2 11 8
1 10 9
13
0
0
0
0
0
0
0
